 # Integral loads: N.components: 1
 #                 Ref.sys     : second_wing
 #                 Components  : second_wing
 #  t , Fx , Fy , Fz , Mx , My , Mz , ref_mat(9) , ref_off(3) 
  0.000000000000000E+000 -0.262221384315468E+006  0.831418658511133E+003  0.269896952713562E+007  0.355179707777309E+007 -0.465615572161545E+007  0.166420452901984E+006  0.271375452891817E+000 -0.797402044361223E+000 -0.538985475886228E+000  0.502026084805530E-001  0.570965245490526E+000 -0.819437847883347E+000  0.961163389684350E+000  0.195316840263418E+000  0.194977614715138E+000  0.106522000000000E+004  0.198460000000000E+003  0.224570000000000E+003
  0.134870990000000E+000 -0.442728384582666E+006 -0.185474024655394E+003  0.252532219631673E+007  0.343926366257086E+007 -0.402164948049765E+007  0.325912520371442E+006  0.285050473403940E+000 -0.711257550174649E+000 -0.642540990857195E+000  0.336672936840018E-002  0.671091041233265E+000 -0.741367304046929E+000  0.958506595045412E+000  0.209163839360460E+000  0.193689430683355E+000  0.105805902003000E+004  0.211004423230000E+003  0.234134147240000E+003
  0.269741980000000E+000 -0.471362219034125E+006 -0.187093878110956E+003  0.253863393804433E+007  0.353238804003167E+007 -0.401336414434938E+007  0.316894082171026E+006  0.289501956778827E+000 -0.609140809111115E+000 -0.738333320185867E+000 -0.461958649359684E-001  0.761574526110376E+000 -0.646428792089719E+000  0.956062005878305E+000  0.221250346565179E+000  0.192337528997178E+000  0.105077622391000E+004  0.221832676120000E+003  0.245419682030000E+003
  0.404612970000000E+000 -0.477635290518778E+006 -0.177954876712744E+003  0.254173892830010E+007  0.362363937169060E+007 -0.401705534133850E+007  0.311079066362227E+006  0.282281136241314E+000 -0.492154921290344E+000 -0.823468817607569E+000 -0.969619805024837E-001  0.839345012959658E+000 -0.534881597698769E+000  0.954419056001790E+000  0.230832152590246E+000  0.189210948074377E+000  0.104354957661582E+004  0.230705546002122E+003  0.258292542755543E+003
  0.539483960000000E+000 -0.478719843517316E+006 -0.118737392125879E+003  0.254276925116824E+007  0.397846701351513E+007 -0.402124550327095E+007  0.390216897308085E+006  0.262052390278199E+000 -0.361997108882214E+000 -0.894587412112646E+000 -0.147103861709204E+000  0.901165942876542E+000 -0.407750410508282E+000  0.953776178471512E+000  0.238449232668825E+000  0.182901516723964E+000  0.103658427950644E+004  0.237397596273818E+003  0.272555306702488E+003
  0.674354950000000E+000 -0.477835317946825E+006 -0.124162863300491E+003  0.253688157796710E+007  0.445915116220549E+007 -0.401200908070669E+007  0.555620476088635E+006  0.229497773389170E+000 -0.223140533382128E+000 -0.947385388514807E+000 -0.201687517912933E+000  0.941335426955147E+000 -0.270573019862091E+000  0.952183237159494E+000  0.253171713114065E+000  0.171029724174940E+000  0.103010863168014E+004  0.241701703940872E+003  0.287943428709049E+003
  0.809225940000000E+000 -0.473401532087249E+006 -0.279736061955203E+003  0.251220677020691E+007  0.456541341409970E+007 -0.397011139305802E+007  0.652885977804500E+006  0.188729272953550E+000 -0.830014137395647E-001 -0.978515215440035E+000 -0.256497256558439E+000  0.957666706444643E+000 -0.130704386863885E+000  0.947940092468094E+000  0.275654212165719E+000  0.159450106324448E+000  0.102432200683905E+004  0.243497713016835E+003  0.304100547082032E+003
  0.944096930000000E+000 -0.465949644780088E+006 -0.375431235519991E+003  0.247540385618774E+007  0.444460772642002E+007 -0.390861125552672E+007  0.658653063203504E+006  0.142381060569767E+000  0.563751046265166E-001 -0.988205181715507E+000 -0.304096591436114E+000  0.952583021375711E+000  0.105285546804280E-001  0.941941026109366E+000  0.299010760617525E+000  0.152773258023004E+000  0.101935052396861E+004  0.242778999633289E+003  0.320604330566328E+003
  0.107896792000000E+001 -0.456831400748506E+006 -0.369783908705631E+003  0.243343824733845E+007  0.435885667470899E+007 -0.383885499742406E+007  0.649840062746211E+006  0.924162099059552E-001  0.192359348333781E+000 -0.976963215917171E+000 -0.344024273543015E+000  0.926908352523792E+000  0.149960678962289E+000  0.934401703423008E+000  0.322240263049534E+000  0.151837641940159E+000  0.101527902865376E+004  0.239597309131812E+003  0.337048488571498E+003
  0.121383891000000E+001 -0.448342776238874E+006 -0.320740359178290E+003  0.239434329795015E+007  0.447480809664218E+007 -0.377265502790533E+007  0.706043774302933E+006  0.402779652278977E-001  0.322270765561917E+000 -0.945790272302076E+000 -0.376438654288567E+000  0.881707648263418E+000  0.284403872250725E+000  0.925565570380896E+000  0.344576808067417E+000  0.156828563302600E+000  0.101215582852314E+004  0.234058318361376E+003  0.353051964436847E+003
  0.134870990000000E+001 -0.440060157874414E+006 -0.361408274998142E+003  0.235640484291657E+007  0.451058760723464E+007 -0.370788213122290E+007  0.768286756775271E+006 -0.104552524020030E-001  0.441319375592601E+000 -0.897289193306020E+000 -0.407166506797328E+000  0.817699606746097E+000  0.406918651415415E+000  0.913294105663489E+000  0.369600543633035E+000  0.171141212764468E+000  0.100998584097179E+004  0.226322646617122E+003  0.368268492593543E+003
  0.148358089000000E+001 -0.432112619843114E+006 -0.438563552663781E+003  0.232436593232716E+007  0.429953862695363E+007 -0.365451659901899E+007  0.759176436269984E+006 -0.587372491155017E-001  0.547984378278108E+000 -0.834423787250518E+000 -0.430126129909124E+000  0.740405572366819E+000  0.516518248252239E+000  0.900855952933510E+000  0.389246335334474E+000  0.192213013328805E+000  0.100872111510755E+004  0.216604908841042E+003  0.382423404120970E+003
  0.161845188000000E+001 -0.426536006524792E+006 -0.426445046944198E+003  0.230613790398661E+007  0.411503388640876E+007 -0.362582171502361E+007  0.733846780693510E+006 -0.104978689900929E+000  0.640812198492487E+000 -0.760486160906239E+000 -0.446119424426085E+000  0.653102818216996E+000  0.611910261383773E+000  0.888795214780336E+000  0.403505185964498E+000  0.217316890929658E+000  0.100831329847048E+004  0.205142366349779E+003  0.395312434508687E+003
  0.175332287000000E+001 -0.424048870366498E+006 -0.363433041283693E+003  0.229906038137041E+007  0.417527873306344E+007 -0.361434857901110E+007  0.781728158826627E+006 -0.149167432628585E+000  0.719046995149644E+000 -0.678763947045852E+000 -0.456001229313647E+000  0.559070079241029E+000  0.692461930622812E+000  0.877389284130732E+000  0.412809962650730E+000  0.244491265342678E+000  0.100871803240997E+004  0.192181920792854E+003  0.406782637148628E+003
  0.188819386000000E+001 -0.423398263257962E+006 -0.365915159648971E+003  0.229443702385630E+007  0.430547703928095E+007 -0.360509172184780E+007  0.890108920669847E+006 -0.189473026517326E+000  0.781606448681671E+000 -0.594299025408583E+000 -0.467866303789645E+000  0.460264439490544E+000  0.754491727932567E+000  0.863250307848529E+000  0.421008319537372E+000  0.278479623814271E+000  0.100989055241919E+004  0.177981029718772E+003  0.416734233116419E+003
  0.202306485000000E+001 -0.421649121363412E+006 -0.479962236984596E+003  0.228137013532251E+007  0.408600640590879E+007 -0.358034120488818E+007  0.928126930239380E+006 -0.222176693674505E+000  0.829099707298049E+000 -0.513060612546076E+000 -0.481092875876213E+000  0.364471264579082E+000  0.797314456207386E+000  0.848049032526433E+000  0.423974495287646E+000  0.317896942068599E+000  0.101174259659804E+004  0.162819872422369E+003  0.425144925469169E+003
  0.215793584000000E+001 -0.417978687056877E+006 -0.527295942085512E+003  0.226062952189479E+007  0.369210554569817E+007 -0.354239512008381E+007  0.893210231829560E+006 -0.245914326381936E+000  0.865246427929870E+000 -0.436892164080245E+000 -0.492625860650338E+000  0.276614511184783E+000  0.825108582927433E+000  0.834772966439757E+000  0.418130399703973E+000  0.358219295048109E+000  0.101412231581067E+004  0.146966177236413E+003  0.432073432728859E+003
  0.229280683000000E+001 -0.412877693692752E+006 -0.503322285924221E+003  0.223489576563994E+007  0.330171570249761E+007 -0.349620487168308E+007  0.841242212193104E+006 -0.259649742253039E+000  0.893122179620241E+000 -0.367307478304376E+000 -0.504014680928722E+000  0.199109779101680E+000  0.840431137734912E+000  0.823742200422103E+000  0.403346089774612E+000  0.398447887567850E+000  0.101686017240101E+004  0.130634221612795E+003  0.437613136327777E+003
  0.242767782000000E+001 -0.407297800686684E+006 -0.468984247940214E+003  0.220945634179539E+007  0.291975964454337E+007 -0.345107641103953E+007  0.788557530316071E+006 -0.262837875766668E+000  0.915227515685370E+000 -0.305409308297655E+000 -0.516527011974332E+000  0.133883443233882E+000  0.845739362645909E+000  0.814933185582312E+000  0.380044494974241E+000  0.437550094133734E+000  0.101977409493579E+004  0.113982317928617E+003  0.441887991302165E+003
  0.256254881000000E+001 -0.402237965834533E+006 -0.436197693832100E+003  0.218969417229826E+007  0.255034980067679E+007 -0.341641170342918E+007  0.739138529372374E+006 -0.255626043810251E+000  0.933398380999526E+000 -0.251838813675303E+000 -0.531035013702490E+000  0.821137680590065E-001  0.843361810445048E+000  0.807871982400626E+000  0.349320470975602E+000  0.474676804372688E+000  0.102267700274906E+004  0.971171260518739E+002  0.445045917153423E+003
  0.269741980000000E+001 -0.398773492668564E+006 -0.408397205195230E+003  0.218088774453790E+007  0.218763022613398E+007 -0.340142538855844E+007  0.692855186687046E+006 -0.238783452480776E+000  0.948633294159939E+000 -0.207550803497898E+000 -0.547955816365085E+000  0.448281692856814E-001  0.835305248726576E+000  0.801702492283162E+000  0.313185741134166E+000  0.509104906102082E+000  0.102539777230308E+004  0.800948746584545E+002  0.447250551356150E+003
  0.283229079000000E+001 -0.397531124957067E+006 -0.383605146041719E+003  0.218411418798361E+007  0.182599998377704E+007 -0.340747496995528E+007  0.648111038986428E+006 -0.213296925881226E+000  0.961478452305114E+000 -0.173388601593595E+000 -0.567152122821515E+000  0.226518770581537E-001  0.823301501301189E+000  0.795514230538127E+000  0.273945392767803E+000  0.540472969530046E+000  0.102778440471217E+004  0.629436532767044E+002  0.448679019396345E+003
  0.296716178000000E+001 -0.397613651279969E+006 -0.457607007731769E+003  0.219799498057064E+007  0.934899680206249E+006 -0.343169929697525E+007  0.447632561083351E+006 -0.179892608531483E+000  0.972181652282213E+000 -0.150004947790280E+000 -0.587986203574302E+000  0.159811590980960E-001  0.808713068374785E+000  0.788613259970955E+000  0.233682343192008E+000  0.568754506512498E+000  0.102969690952279E+004  0.456852603484893E+002  0.449517277291390E+003
  0.310203277000000E+001 -0.399621042752202E+006 -0.388935151998831E+003  0.221959812714680E+007 -0.403119996967052E+005 -0.346824897597469E+007  0.139069080207403E+006 -0.143015133153981E+000  0.980786750946895E+000 -0.132680144919961E+000 -0.595255958101304E+000  0.218632759905856E-001  0.803238657876884E+000  0.790706656120870E+000  0.193853930396039E+000  0.580692377800983E+000  0.103101296579211E+004  0.283380341310443E+002  0.449950894139248E+003
  0.323690376000000E+001 -0.403802251408938E+006 -0.116701137834478E+003  0.224264654920156E+007 -0.301814108746165E+006 -0.350683666206507E+007 -0.221127022524451E+005 -0.108294622522527E+000  0.987402658346471E+000 -0.115361453800762E+000 -0.594671504988641E+000  0.286492803813445E-001  0.803458163122497E+000  0.796641748772463E+000  0.155612367837370E+000  0.584077661864241E+000  0.103170085369498E+004  0.109310428932007E+002  0.450068047286568E+003
  0.337177475000000E+001 -0.407325402956259E+006  0.115233209300293E+002  0.225640948887810E+007 -0.315325049691410E+006 -0.352841246677615E+007 -0.622016365113094E+005 -0.742919581389629E-001  0.992358854438709E+000 -0.985119737543206E-001 -0.593402135342953E+000  0.354016648371799E-001  0.804127246085580E+000  0.801470280625740E+000  0.118197403287252E+000  0.586237804248283E+000  0.103177916446097E+004 -0.648247341438030E+001  0.449884342088104E+003
  0.350664574000000E+001 -0.409224499902686E+006 -0.262841267103614E+000  0.226059304097864E+007 -0.512489577945731E+006 -0.353350080733639E+007 -0.124224538537317E+006 -0.400948390157076E-001  0.995856165291496E+000 -0.816266006594767E-001 -0.591430584458383E+000  0.421914511366625E-001  0.805251355303546E+000  0.805358471521545E+000  0.805628915934614E-001  0.587288134433670E+000  0.103125568194407E+004 -0.238476428023037E+002  0.449407304166850E+003
  0.364151673000000E+001 -0.410573460137104E+006 -0.814355429022818E+002  0.225836643459353E+007 -0.126366838534239E+007 -0.352794180996038E+007 -0.380707892301927E+006 -0.570035929154511E-002  0.997980240405851E+000 -0.632688364317517E-001 -0.584855503967201E+000  0.479928649786486E-001  0.809716446906207E+000  0.811117467068253E+000  0.416188018883492E-001  0.583400659878063E+000  0.103012626414870E+004 -0.411123220395579E+002  0.448637517065379E+003
  0.377638772000000E+001 -0.411534005517481E+006  0.112414562312285E+003  0.225185149852726E+007 -0.155923260715224E+007 -0.351490402156874E+007 -0.606789766300162E+006  0.229897568654739E-001  0.999205380225637E+000 -0.325588575875400E-001 -0.561557771663909E+000  0.398509005936102E-001  0.826477328670148E+000  0.827118093238887E+000 -0.716833326171603E-003  0.562027709269615E+000  0.102841212784257E+004 -0.582304532646642E+002  0.447513679229961E+003
  0.391125871000000E+001 -0.412039038515838E+006  0.361603787150381E+003  0.225518272824396E+007 -0.107671645848223E+007 -0.352061555854499E+007 -0.603431389830004E+006  0.459521861792888E-001  0.998888819079942E+000  0.104653572525273E-001 -0.540621660936895E+000  0.160580470553966E-001  0.841112572044075E+000  0.840009890603186E+000 -0.443087603284690E-001  0.540758834830258E+000  0.102620118114358E+004 -0.751961489324782E+002  0.445838276325336E+003
  0.404612970000000E+001 -0.414445907021251E+006  0.347020487713187E+003  0.227301308793034E+007 -0.656041509747290E+006 -0.355263234579075E+007 -0.547998453977920E+006  0.615007216610749E-001  0.995994573320493E+000  0.649035526862491E-001 -0.522724103338427E+000 -0.232550495406083E-001  0.852184671570606E+000  0.850280643684310E+000 -0.863366236714963E-001  0.519200167939883E+000  0.102360776161373E+004 -0.920155071175792E+002  0.443402986013387E+003
  0.418100069000000E+001 -0.419343736672176E+006  0.338096340752425E+003  0.230455643052688E+007 -0.132791999156874E+006 -0.360801474799382E+007 -0.460174875979641E+006  0.677820942690513E-001  0.989246466516836E+000  0.129603303123249E+000 -0.507951928466024E+000 -0.775888976126945E-001  0.857883909008028E+000  0.858714403084138E+000 -0.123981415749305E+000  0.497230512423212E+000  0.102077489218026E+004 -0.108677747267476E+003  0.440012695728237E+003
  0.431587168000000E+001 -0.426510842027710E+006  0.298653154195245E+003  0.234572723194975E+007  0.393407086646421E+006 -0.367860096717154E+007 -0.357170084589456E+006  0.643780219912937E-001  0.977130667200537E+000  0.202660132983087E+000 -0.498765042141327E+000 -0.144391126323134E+000  0.854625435718419E+000  0.864343047072312E+000 -0.156098884862676E+000  0.478063003298081E+000  0.101787229241128E+004 -0.125149510282214E+003  0.435486526843555E+003
  0.445074267000000E+001 -0.433716682245159E+006  0.219586801710703E+003  0.238357570537908E+007  0.767353172926176E+006 -0.374267340347079E+007 -0.287796157495974E+006  0.523664155837000E-001  0.957863830736528E+000  0.282408640600211E+000 -0.492273599193749E+000 -0.221289106388794E+000  0.841841929895679E+000  0.868863891559402E+000 -0.183106562308381E+000  0.459942958184881E+000  0.101505908825009E+004 -0.141347072523230E+003  0.429674238686662E+003
  0.458561366000000E+001 -0.439679323280428E+006  0.178238894641089E+003  0.241603747148004E+007  0.110533502669391E+007 -0.379867744811296E+007 -0.236493679517150E+006  0.311919431517832E-001  0.929411658591218E+000  0.367724124252321E+000 -0.486292672900994E+000 -0.307312373078800E+000  0.817972213241674E+000  0.873239084652779E+000 -0.204335690048011E+000  0.442380409610756E+000  0.101250297925666E+004 -0.157134302646199E+003  0.422449514859737E+003
  0.472048465000000E+001 -0.442088684976527E+006  0.155571036712263E+003  0.243259543005121E+007  0.145163088205807E+007 -0.382953683706055E+007 -0.179787379276466E+006  0.944619688834328E-003  0.889566514289982E+000  0.456804689498275E+000 -0.479591506783312E+000 -0.400439525770192E+000  0.780794577864278E+000  0.877491364239533E+000 -0.219817203273346E+000  0.426250281912081E+000  0.101037071632668E+004 -0.172325760925413E+003  0.413726244397504E+003
  0.485535564000000E+001 -0.439191199681697E+006  0.114571768055545E+003  0.242324836934158E+007  0.176577136988457E+007 -0.381916642444909E+007 -0.136555644823710E+006 -0.378588858284440E-001  0.835815684148917E+000  0.547703247109698E+000 -0.469653196655327E+000 -0.498671560148090E+000  0.728527659029431E+000  0.882038876487460E+000 -0.229649335357513E+000  0.411422657536737E+000  0.100882465127243E+004 -0.186685441607118E+003  0.403460421128112E+003
  0.499022663000000E+001 -0.435992044517000E+006  0.915991510958350E+002  0.240987740893392E+007  0.210188440908490E+007 -0.380383812037668E+007 -0.998973199347218E+005 -0.861340300060301E-001  0.764974134518638E+000  0.638275412649101E+000 -0.452592134531778E+000 -0.600778660518268E+000  0.658957783796386E+000  0.887547907797033E+000 -0.232119741907783E+000  0.397968763575453E+000  0.100802917361286E+004 -0.199937108772193E+003  0.391655865106736E+003
  0.512509762000000E+001 -0.433435369198667E+006  0.864829011817236E+002  0.239283097163064E+007  0.250741852764141E+007 -0.378164190944591E+007 -0.411786220189972E+005 -0.142085392067876E+000  0.674706884120610E+000  0.724280582289195E+000 -0.429644242303399E+000 -0.701221724907005E+000  0.568941049295956E+000  0.891749721848264E+000 -0.230344769939981E+000  0.389517291714811E+000  0.100813850022515E+004 -0.211747404684612E+003  0.378374382548037E+003
  0.525996861000000E+001 -0.430653410493139E+006  0.470585480764180E+002  0.237149104692348E+007  0.285710910016356E+007 -0.375174243760170E+007  0.151343235697636E+005 -0.203311201435081E+000  0.563372525442230E+000  0.800797073513551E+000 -0.398660702188038E+000 -0.794645269736931E+000  0.457830252184869E+000  0.894278591883964E+000 -0.226164305012006E+000  0.386154771091167E+000  0.100926296541301E+004 -0.221764675008162E+003  0.363753393632578E+003
  0.539483960000000E+001 -0.427838746904150E+006  0.803117163633383E+002  0.235358650243347E+007  0.350580835044528E+007 -0.372526108826245E+007  0.164803380471802E+006 -0.267572072964365E+000  0.430624018252562E+000  0.861955996947390E+000 -0.357556775336480E+000 -0.875075485649793E+000  0.326184068933105E+000  0.894739257091434E+000 -0.220920459258067E+000  0.388118297044437E+000  0.101147018997076E+004 -0.229643841146399E+003  0.348011179527643E+003
  0.552971059000000E+001 -0.426683337683390E+006  0.160365389959681E+001  0.234506699124549E+007  0.410124219190565E+007 -0.371420590010497E+007  0.350538111705320E+006 -0.330739110398561E+000  0.281868832189176E+000  0.900645103408151E+000 -0.315652399039670E+000 -0.932428329725250E+000  0.175900463064433E+000  0.889367867551594E+000 -0.226113624901489E+000  0.397363089378769E+000  0.101478204259554E+004 -0.235059349777741E+003  0.331450120833348E+003
  0.566458158000000E+001 -0.425987927099433E+006 -0.180673853365063E+003  0.233750143683881E+007  0.424075804372374E+007 -0.370518236006130E+007  0.425246918163423E+006 -0.389433796793280E+000  0.123340925444864E+000  0.912758639523930E+000 -0.265623496425678E+000 -0.963928254802691E+000  0.169256533001063E-001  0.881921468194174E+000 -0.235858719795224E+000  0.408148487973176E+000  0.101914766049049E+004 -0.237797949865574E+003  0.314454299221232E+003
  0.579945257000000E+001 -0.426634736812861E+006 -0.236462512385506E+003  0.233929545447140E+007  0.430427356800431E+007 -0.371317302547937E+007  0.438673261009134E+006 -0.442652712747609E+000 -0.406204959316114E-001  0.895772600165607E+000 -0.204826377638265E+000 -0.967981830626709E+000 -0.145111442002869E+000  0.872986100073059E+000 -0.247711830332819E+000  0.420159634177768E+000  0.102449090934443E+004 -0.237729794615481E+003  0.297471258502857E+003
  0.593432356000000E+001 -0.429697536755972E+006 -0.167317812069104E+003  0.235233657304212E+007  0.475167510408925E+007 -0.373646247762818E+007  0.550964463893720E+006 -0.488711157742300E+000 -0.204602783588472E+000  0.848115030668617E+000 -0.134052025423202E+000 -0.942958491547483E+000 -0.304728301439875E+000  0.862085528690812E+000 -0.262615658646516E+000  0.433406918559844E+000  0.103070875194081E+004 -0.234804534292040E+003  0.280982920172740E+003
  0.606919455000000E+001 -0.435800860205517E+006 -0.838691739504962E+002  0.237135303641665E+007  0.579091270019640E+007 -0.376121928496499E+007  0.911071443717037E+006 -0.525005322016252E+000 -0.359955297312689E+000  0.771233813957314E+000 -0.664152186654390E-001 -0.886072278385313E+000 -0.458764576015501E+000  0.848503642057141E+000 -0.292075506356823E+000  0.441286152062550E+000  0.103766754074637E+004 -0.229056320615809E+003  0.265500293441624E+003
  0.620406554000000E+001 -0.439484719658114E+006 -0.392800088612795E+003  0.236799253417632E+007  0.617012539506062E+007 -0.374642780404348E+007  0.120034283430077E+007 -0.546982068608074E+000 -0.490282937393303E+000  0.678552325117398E+000 -0.225841951944351E-001 -0.801618763441025E+000 -0.597408831728074E+000  0.836839632634982E+000 -0.342096476743444E+000  0.427398443903426E+000  0.104516828889472E+004 -0.220690900092283E+003  0.251488602330062E+003
  0.633893653000000E+001 -0.436901716828241E+006 -0.718162865829187E+003  0.234155823876289E+007  0.565911625502858E+007 -0.369347018788341E+007  0.120340133747361E+007 -0.554571811095933E+000 -0.598076165255177E+000  0.578580164619769E+000  0.180876351880511E-001 -0.703794816857755E+000 -0.710173002315255E+000  0.831939266888564E+000 -0.383376781140722E+000  0.401122549716540E+000  0.105293207125919E+004 -0.210130674686885E+003  0.239204912836959E+003
  0.647380752000000E+001 -0.431440289186113E+006 -0.697909869520813E+003  0.231044503912124E+007  0.521710021716135E+007 -0.363400453422577E+007  0.113824001088621E+007 -0.549022965464775E+000 -0.685701383534550E+000  0.477898939119002E+000  0.530953391565673E-001 -0.599239795878275E+000 -0.798806955400122E+000  0.834119097223000E+000 -0.413189157232576E+000  0.365403957276492E+000  0.106069500732976E+004 -0.197792488343326E+003  0.228766396435667E+003
  0.660867851000000E+001 -0.425136172050110E+006 -0.655818181807735E+003  0.227903172747439E+007  0.477991204996429E+007 -0.357492805041619E+007  0.106833623932849E+007 -0.532015992600768E+000 -0.756007140948964E+000  0.381329498532689E+000  0.807104608099446E-001 -0.493580487236426E+000 -0.865946952263993E+000  0.842878879277958E+000 -0.429920347801340E+000  0.323610397567058E+000  0.106822655425574E+004 -0.184049788549516E+003  0.220178973927137E+003
  0.674354950000000E+001 -0.419246221931764E+006 -0.610426381189043E+003  0.225409152184881E+007  0.436233358521662E+007 -0.352817374043832E+007  0.100196619334871E+007 -0.505575411101348E+000 -0.811777893001853E+000  0.292250160176475E+000  0.998485172023308E-001 -0.391504504701166E+000 -0.914742858081543E+000  0.856985284180655E+000 -0.433290751380833E+000  0.278989869826189E+000  0.107533384585030E+004 -0.169225419101519E+003  0.213347290825346E+003
  0.687842049000000E+001 -0.415013235658182E+006 -0.567349706845964E+003  0.224223220947306E+007  0.397127784082633E+007 -0.350519591112157E+007  0.942006831359900E+006 -0.472389274284430E+000 -0.855454481969744E+000  0.212240436342620E+000  0.110315338707247E+000 -0.296293162257430E+000 -0.948704847697848E+000  0.874459204072400E+000 -0.424744618891597E+000  0.234335462821351E+000  0.108187403934078E+004 -0.153571264326762E+003  0.208121930964338E+003
  0.701329148000000E+001 -0.413471193915009E+006 -0.529564692634743E+003  0.224623151093849E+007  0.359757244923151E+007 -0.351028253388809E+007  0.888264131252190E+006 -0.435490557891790E+000 -0.888837629752561E+000  0.142532950306048E+000  0.112385496081057E+000 -0.210780524316681E+000 -0.971051528416180E+000  0.893150308882952E+000 -0.406865135523596E+000  0.191685386082648E+000  0.108776880695933E+004 -0.137277287591158E+003  0.204322856546820E+003
  0.714816247000000E+001 -0.414802792082373E+006 -0.497190410066090E+003  0.226365395813974E+007  0.322970038668734E+007 -0.353840881482753E+007  0.838941014275740E+006 -0.397312881752288E+000 -0.913821738274091E+000  0.840969954957406E-001  0.106815820958661E+000 -0.137069184835539E+000 -0.984785468496285E+000  0.911445475268060E+000 -0.382285062782002E+000  0.152069972010063E+000  0.109297722805822E+004 -0.120497760411169E+003  0.201757915551773E+003
  0.728303346000000E+001 -0.417967897087015E+006 -0.468753869952689E+003  0.228809738528959E+007  0.286634422500478E+007 -0.357789316245145E+007  0.791571490914266E+006 -0.359450500661032E+000 -0.932393712266634E+000  0.379117778556955E-001  0.946508017994748E-001 -0.768465473610906E-001 -0.992540091823699E+000  0.928351530021495E+000 -0.353180652760489E+000  0.115874342381841E+000  0.109749335528667E+004 -0.103352376703676E+003  0.200223276961642E+003
  0.741790445000000E+001 -0.422151436655685E+006 -0.441082065009450E+003  0.231465334175266E+007  0.250046615087467E+007 -0.362019059505334E+007  0.744523879953060E+006 -0.322472878680091E+000 -0.946570833166463E+000  0.386009252789035E-002  0.773382582662653E-001 -0.304110693322340E-001 -0.996540997987745E+000  0.943414032291292E+000 -0.321058911510985E+000  0.830128846340471E-001  0.110132931708141E+004 -0.859389022823293E+002  0.199507126234088E+003
  0.755277544000000E+001 -0.426188399076216E+006 -0.416935603779706E+003  0.233736831626998E+007  0.211586686682686E+007 -0.365537434396857E+007  0.695831162404908E+006 -0.285929263534868E+000 -0.958096841233945E+000 -0.171726256566828E-001  0.560073489298301E-001  0.118100663900562E-002 -0.998429658057678E+000  0.956612582564259E+000 -0.286442050056997E+000  0.533227797370369E-001  0.110449236163024E+004 -0.683359839968386E+002  0.199384372230117E+003
  0.768764643000000E+001 -0.429385720868314E+006 -0.390564573840964E+003  0.235467175348973E+007  0.172293082379432E+007 -0.368157826441215E+007  0.646505677797373E+006 -0.249168809609192E+000 -0.968143303877715E+000 -0.247678718238229E-001  0.318006649348908E-001  0.173815875201629E-001 -0.999343083292709E+000  0.967937819298139E+000 -0.249792761248244E+000  0.264566513440564E-001  0.110698202162945E+004 -0.506036367624000E+002  0.199618952318678E+003
  0.782251742000000E+001 -0.430664739439067E+006 -0.516072923138528E+003  0.236767922152402E+007  0.543245434277124E+006 -0.369878235120582E+007  0.357205498477488E+006 -0.211674516524478E+000 -0.977163839686335E+000 -0.185668915973258E-001  0.577233756892217E-002  0.177470764080720E-001 -0.999825845534089E+000  0.977323170283565E+000 -0.211744826828011E+000  0.188391572441207E-002  0.110879078790478E+004 -0.327858809020588E+002  0.199966106976863E+003
  0.795738841000000E+001 -0.426172835821995E+006 -0.346751806248970E+003  0.235801114284375E+007 -0.421116618931575E+006 -0.367618746307271E+007  0.672983960059156E+004 -0.170507145684561E+000 -0.985306855795569E+000 -0.988499836888892E-002  0.576653150220709E-002  0.903393268196787E-002 -0.999942565938030E+000  0.985339566030380E+000 -0.170554354921083E+000  0.414145294737695E-002  0.110990320958024E+004 -0.149124956626506E+002  0.200207286465413E+003
  0.809225940000000E+001 -0.420068929906709E+006  0.675980595918787E+001  0.235193240576231E+007 -0.358936680730480E+006 -0.366450096501579E+007 -0.783950984334899E+005 -0.127386440847455E+000 -0.991849449828335E+000 -0.271358866588165E-002  0.845921300248828E-002  0.164934189027799E-002 -0.999962860003664E+000  0.991817088178862E+000 -0.127404664540034E+000  0.818016196935557E-002  0.111028944849635E+004  0.299599534611427E+001  0.200300300177242E+003
  0.822713039000000E+001 -0.414901083137572E+006  0.518863716444089E+002  0.235546005268791E+007 -0.276930084920594E+006 -0.367052206866046E+007 -0.717016679202046E+005 -0.836343994535330E-001 -0.996490407766972E+000  0.348632420486842E-002  0.108212395103390E-001 -0.440657938978582E-002 -0.999931739086995E+000  0.996437749186324E+000 -0.835909641438361E-001  0.111518029931108E-001  0.110992747934206E+004  0.209346032993181E+002  0.200263186353022E+003
  0.836200138000000E+001 -0.411328372747761E+006 -0.169598144266901E+002  0.236726214617294E+007 -0.559550879213500E+006 -0.369115031873272E+007 -0.154474206841663E+006 -0.402282297013184E-001 -0.999154284819064E+000  0.850909294832415E-002  0.127766056283270E-001 -0.902966822485529E-002 -0.999877604229821E+000  0.999108826847064E+000 -0.401145886113056E-001  0.131290478264625E-001  0.110880931490488E+004  0.388949610199667E+002  0.200116882470172E+003
  0.849687237000000E+001 -0.411054082881417E+006 -0.465244730367821E+002  0.239033241175558E+007 -0.116716659811819E+007 -0.373297917511600E+007 -0.382931139621021E+006  0.130915303205160E-002 -0.999961378558985E+000  0.869065640513821E-002  0.248295984981815E-001 -0.865547995438658E-002 -0.999654227073131E+000  0.999690840788670E+000  0.152448587160122E-002  0.248173081954816E-001  0.110694104184228E+004  0.568639241523101E+002  0.199889071992692E+003
  0.863174336000000E+001 -0.415597235363037E+006  0.149639624341661E+003  0.242508466401215E+007 -0.123191014400616E+007 -0.379477099876983E+007 -0.538280988777418E+006  0.394401645257151E-001 -0.999204189953943E+000 -0.595484682161106E-002  0.485519370236103E-001  0.786879790438523E-002 -0.998789663257883E+000  0.998041673896155E+000  0.391033092976063E-001  0.488236455883399E-001  0.110434882743859E+004  0.748168705954408E+002  0.199708748153811E+003
  0.876661435000000E+001 -0.419469297416351E+006  0.312366075285125E+003  0.244695237097317E+007 -0.820443708584043E+006 -0.383181424653492E+007 -0.540485632232598E+006  0.758930746499821E-001 -0.996511929235791E+000 -0.347018171128601E-001  0.691991050660023E-001  0.399820109239767E-001 -0.996801345635398E+000  0.994711880434850E+000  0.732489842471358E-001  0.719920914304219E-001  0.110107723148344E+004  0.926974749551702E+002  0.199832787410440E+003
  0.890148534000000E+001 -0.421006018695166E+006  0.306309285034203E+003  0.245309704694155E+007 -0.440780894923136E+006 -0.384264445823214E+007 -0.504906689211788E+006  0.111779963142997E+000 -0.990722692232252E+000 -0.772902771105671E-001  0.856979322656496E-001  0.870984755865746E-001 -0.992506785848785E+000  0.990030860248882E+000  0.104318755008737E+000  0.946387505638401E-001  0.109715954941619E+004  0.110418429899054E+003  0.200517398680114E+003
  0.903635633000000E+001 -0.419576358029422E+006  0.291793928366798E+003  0.244515205457662E+007 -0.311878354490537E+005 -0.383340610171580E+007 -0.457055658184779E+006  0.148102856171544E+000 -0.979958805264914E+000 -0.133215179231172E+000  0.968514579425582E-001  0.148424922409336E+000 -0.984169618258044E+000  0.984218135927311E+000  0.132856247092656E+000  0.116892593949417E+000  0.109261407523131E+004  0.127863805344681E+003  0.202006095195068E+003
  0.917122732000000E+001 -0.425409443464685E+006  0.269825983338950E+003  0.246493502518104E+007  0.425870383330858E+006 -0.387533330490223E+007 -0.404201222614856E+006  0.180916613096160E+000 -0.962304195642780E+000 -0.203075882748583E+000  0.101215220151042E+000  0.223604338745636E+000 -0.969410428509980E+000  0.978276371132202E+000  0.154828081246358E+000  0.137853570653722E+000  0.108745124909637E+004  0.144892178916622E+003  0.204530719296554E+003
  0.930609831000000E+001 -0.432415364362865E+006  0.246029861011922E+003  0.247309720037525E+007  0.908520383409956E+006 -0.389229360837276E+007 -0.342880610106567E+006  0.211918748630607E+000 -0.934519522817852E+000 -0.285943535424621E+000  0.976935031141440E-001  0.311380642355567E+000 -0.945250271100475E+000  0.972392114030202E+000  0.172381428925880E+000  0.157283881988421E+000  0.108170726810242E+004  0.161336422930398E+003  0.208314994471811E+003
  0.944096930000000E+001 -0.437487276629140E+006  0.214403212632681E+003  0.247186088846819E+007  0.139259907733439E+007 -0.389421445872282E+007 -0.277005505076825E+006  0.239969601005293E+000 -0.893076950974607E+000 -0.380562938593947E+000  0.854374046811106E-001  0.409925411274462E+000 -0.908108807948045E+000  0.967013464474366E+000  0.185404198521401E+000  0.174671814257253E+000  0.107543277710310E+004  0.176994126196851E+003  0.213568619116584E+003
  0.957584029000000E+001 -0.421960931771834E+006  0.174476831028417E+003  0.239571332337957E+007  0.153964366612132E+007 -0.376207757357509E+007 -0.219170839720624E+006  0.262800872077435E+000 -0.834398645292047E+000 -0.484473531134712E+000  0.641837303644531E-001  0.516129283421321E+000 -0.854102459633209E+000  0.962712911719710E+000  0.193363552744025E+000  0.189194043453715E+000  0.106871207850628E+004  0.191620965096918E+003  0.220463597222811E+003

