0.00000000	-0.76769406
0.30015363	-0.78260725
0.60030726	-0.79703626
0.90046089	-0.81134009
1.20061451	-0.82616625
1.50076814	-0.84179296
1.80092177	-0.85636129
2.10107540	-0.86740814
2.40122903	-0.87695458
2.70138266	-0.89072188
3.00153628	-0.90974945
3.30168991	-0.92964293
3.60184354	-0.94695778
3.90199717	-0.96129829
4.20215080	-0.97312134
4.50230443	-0.98262693
4.80245805	-0.99012729
5.10261168	-0.99637511
5.40276531	-1.00235770
5.70291894	-1.00959480
6.00307257	-1.01991924
6.30322620	-1.03385477
6.60337982	-1.05043163
6.90353345	-1.06865326
7.20368708	-1.08762428
7.50384071	-1.10652201
7.80399434	-1.12448924
8.10414797	-1.14071936
8.40430160	-1.15480592
8.70445522	-1.16649540
9.00460885	-1.17547008
9.30476248	-1.18173289
9.60491611	-1.18510758
9.90506974	-1.18560309
10.20522337	-1.18322780
10.50537699	-1.17800356
10.80553062	-1.17007562
11.10568425	-1.15957380
11.40583788	-1.14675979
11.70599151	-1.13192266
12.00614514	-1.11596596
12.30629876	-1.09937791
12.60645239	-1.08313457
12.90660602	-1.06829477
13.20675965	-1.05528034
13.50691328	-1.04415553
13.80706691	-1.03462988
14.10722053	-1.02609954
14.40737416	-1.01799632
14.70752779	-1.00969501
15.00768142	-1.00053535
15.30783505	-0.98720449
15.60798868	-0.96773639
15.90814231	-0.94260820
16.20829593	-0.91255377
16.50844956	-0.87952498
16.80860319	-0.84669944
17.10875682	-0.81461282
17.40891045	-0.77975858
17.70906408	-0.74018807
18.00921770	-0.69480604
18.30937133	-0.64364975
18.60952496	-0.58857160
18.90967859	-0.53211687
19.20983222	-0.47728669
19.50998585	-0.42736264
19.81013947	-0.38552710
20.11029310	-0.35520570
20.41044673	-0.33805728
20.71060036	-0.33428584
21.01075399	-0.34146466
21.31090762	-0.35607585
21.61106124	-0.37501973
21.91121487	-0.39625137
22.21136850	-0.41837919
22.51152213	-0.44092170
22.81167576	-0.46409558
23.11182939	-0.48826796
23.41198302	-0.51301997
23.71213664	-0.53774944
24.01229027	-0.56212006
24.31244390	-0.58590014
24.61259753	-0.60916554
24.91275116	-0.63186966
25.21290479	-0.65416772
25.51305841	-0.67587745
25.81321204	-0.69673622
26.11336567	-0.71653307
26.41351930	-0.73505191
26.71367293	-0.75224225
27.01382656	-0.76820559
27.31398018	-0.78309320
27.61413381	-0.79751327
27.91428744	-0.81182214
28.21444107	-0.82667543
28.51459470	-0.84231338
28.81474833	-0.85679504
29.11490195	-0.86771321
29.41505558	-0.87732318
29.71520921	-0.89128663
30.01536284	-0.91042481
30.31551647	-0.93027247
30.61567010	-0.94748060
30.91582373	-0.96173113
31.21597735	-0.97347474
31.51613098	-0.98290653
31.81628461	-0.99035031
32.11643824	-0.99657283
32.41659187	-1.00256547
32.71674550	-1.00988257
33.01689912	-1.02032698
33.31705275	-1.03437153
33.61720638	-1.05101693
33.91736001	-1.06927872
34.21751364	-1.08825936
34.51766727	-1.10714165
34.81782089	-1.12506151
35.11797452	-1.14122442
35.41812815	-1.15523599
35.71828178	-1.16683950
36.01843541	-1.17572273
36.31858904	-1.18189349
36.61874266	-1.18516965
36.91889629	-1.18557087
37.21904992	-1.18309832
37.51920355	-1.17778246
37.81935718	-1.16976494
38.11951081	-1.15918293
38.41966444	-1.14629463
38.71981806	-1.13140465
39.01997169	-1.11542146
39.32012532	-1.09882292
39.62027895	-1.08261361
39.92043258	-1.06783027
40.22058621	-1.05487963
40.52073983	-1.04381538
40.82089346	-1.03433282
41.12104709	-1.02582572
41.42120072	-1.01772598
41.72135435	-1.00940896
42.02150798	-1.00018121
42.32166160	-0.98665356
42.62181523	-0.96698818
42.92196886	-0.94167974
43.22212249	-0.91147972
43.52227612	-0.87841528
43.82242975	-0.84562701
44.12258337	-0.81351532
44.42273700	-0.77851830
44.72289063	-0.73877564
45.02304426	-0.69318685
45.32319789	-0.64186432
45.62335152	-0.58669660
45.92350515	-0.53024466
46.22365877	-0.47552596
46.52381240	-0.42581899
46.82396603	-0.38431555
47.12411966	-0.35441818
47.42427329	-0.33772131
47.72442692	-0.33436838
48.02458054	-0.34185120
48.32473417	-0.35665182
48.62488780	-0.37570042
48.92504143	-0.39697973
49.22519506	-0.41912416
49.52534869	-0.44168162
49.82550231	-0.46488390
50.12565594	-0.48908864
50.42580957	-0.51384624
50.72596320	-0.53857024
51.02611683	-0.56292205
51.32627046	-0.58668479
51.62642408	-0.60993093
51.92657771	-0.63261873
52.22673134	-0.65490262
52.52688497	-0.67658759
52.82703860	-0.69741440
53.12719223	-0.71717217
53.42734586	-0.73564538
53.72749948	-0.75279408
54.02765311	-0.76871583
54.32780674	-0.78357868
54.62796037	-0.79799005
54.92811400	-0.81230485
55.22826763	-0.82718564
55.52842125	-0.84283242
55.82857488	-0.85722461
56.12872851	-0.86801659
56.42888214	-0.87769706
56.72903577	-0.89185835
57.02918940	-0.91110075
57.32934302	-0.93089867
57.62949665	-0.94800013
57.92965028	-0.96216121
58.22980391	-0.97382554
58.52995754	-0.98318388
58.83011117	-0.99057202
59.13026479	-0.99677026
59.43041842	-1.00277477
59.73057205	-1.01017393
60.03072568	-1.02073894
60.33087931	-1.03489113
60.63103294	-1.05160400
60.93118657	-1.06990495
61.23134019	-1.08889431
61.53149382	-1.10776016
61.83164745	-1.12563179
62.13180108	-1.14172711
62.43195471	-1.15566341
62.73210834	-1.16718047
63.03226196	-1.17597241
63.33241559	-1.18205086
63.63256922	-1.18522856
63.93272285	-1.18553547
64.23287648	-1.18296569
64.53303011	-1.17755837
64.83318373	-1.16945146
65.13333736	-1.15878952
65.43349099	-1.14582706
65.73364462	-1.13088549
66.03379825	-1.11487625
66.33395188	-1.09826842
66.63410550	-1.08209431
66.93425913	-1.06736784
67.23441276	-1.05448104
67.53456639	-1.04347702
67.83472002	-1.03403684
68.13487365	-1.02555240
68.43502728	-1.01745538
68.73518090	-1.00912214
69.03533453	-0.99982179
69.33548816	-0.98609548
69.63564179	-0.96623357
69.93579542	-0.94074579
70.23594905	-0.91040238
70.53610267	-0.87730613
70.83625630	-0.84455608
71.13640993	-0.81241425
71.43656356	-0.77727263
71.73671719	-0.73735646
72.03687082	-0.69156110
72.33702444	-0.64007453
72.63717807	-0.58482013
72.93733170	-0.52837432
73.23748533	-0.47377084
73.53763896	-0.42428428
73.83779259	-0.38311714
74.13794621	-0.35364541
74.43809984	-0.33740058
74.73825347	-0.33446300
75.03840710	-0.34224586
75.33856073	-0.35723237
75.63871436	-0.37638356
75.93886799	-0.39770895
76.23902161	-0.41986954
76.53917524	-0.44244226
76.83932887	-0.46567341
77.13948250	-0.48990989
77.43963613	-0.51467243
77.73978976	-0.53939060
78.03994338	-0.56372334
78.34009701	-0.58746886
78.64025064	-0.61069567
78.94040427	-0.63336743
79.24055790	-0.65563685
79.54071153	-0.67729677
79.84086515	-0.69809140
80.14101878	-0.71780984
80.44117241	-0.73623739
80.74132604	-0.75334456
