0.00000000	-2.08292980
0.30015363	-2.05414824
0.60030726	-2.02995786
0.90046089	-2.01026902
1.20061451	-1.99498653
1.50076814	-1.98316234
1.80092177	-1.97026122
2.10107540	-1.95234222
2.40122903	-1.93304036
2.70138266	-1.91925316
3.00153628	-1.91051661
3.30168991	-1.90171597
3.60184354	-1.89092306
3.90199717	-1.87907387
4.20215080	-1.86717778
4.50230443	-1.85640709
4.80245805	-1.84807477
5.10261168	-1.84252915
5.40276531	-1.84015715
5.70291894	-1.84133124
6.00307257	-1.84366318
6.30322620	-1.84546802
6.60337982	-1.84537015
6.90353345	-1.84208792
7.20368708	-1.83474457
7.50384071	-1.82296959
7.80399434	-1.80704305
8.10414797	-1.78758650
8.40430160	-1.76512276
8.70445522	-1.74033062
9.00460885	-1.71362646
9.30476248	-1.68568220
9.60491611	-1.65693407
9.90506974	-1.62789991
10.20522337	-1.59904287
10.50537699	-1.57093022
10.80553062	-1.54416835
11.10568425	-1.51921096
11.40583788	-1.49663736
11.70599151	-1.47691622
12.00614514	-1.46049503
12.30629876	-1.44764207
12.60645239	-1.43808946
12.90660602	-1.43098675
13.20675965	-1.42522789
13.50691328	-1.41965632
13.80706691	-1.41341033
14.10722053	-1.40569663
14.40737416	-1.39621757
14.70752779	-1.38497393
15.00768142	-1.37207230
15.30783505	-1.35780104
15.60798868	-1.34282492
15.90814231	-1.32825143
16.20829593	-1.31518348
16.50844956	-1.30393716
16.80860319	-1.29487545
17.10875682	-1.28817612
17.40891045	-1.28578382
17.70906408	-1.28953203
18.00921770	-1.30185560
18.30937133	-1.32559930
18.60952496	-1.36335279
18.90967859	-1.41845841
19.20983222	-1.49467503
19.50998585	-1.59545461
19.81013947	-1.72339481
20.11029310	-1.87425434
20.41044673	-2.03830394
20.71060036	-2.19566948
21.01075399	-2.32867298
21.31090762	-2.43062766
21.61106124	-2.50072791
21.91121487	-2.54406628
22.21136850	-2.56462910
22.51152213	-2.56803346
22.81167576	-2.56203703
23.11182939	-2.55183764
23.41198302	-2.53660219
23.71213664	-2.51444620
24.01229027	-2.48526035
24.31244390	-2.44940147
24.61259753	-2.40837278
24.91275116	-2.36451047
25.21290479	-2.31936899
25.51305841	-2.27452658
25.81321204	-2.23096928
26.11336567	-2.18944255
26.41351930	-2.15043129
26.71367293	-2.11439342
27.01382656	-2.08190342
27.31398018	-2.05326594
27.61413381	-2.02923101
27.91428744	-2.00969010
28.21444107	-1.99454664
28.51459470	-1.98278400
28.81474833	-1.96975387
29.11490195	-1.95166674
29.41505558	-1.93247300
29.71520921	-1.91890992
30.01536284	-1.91024577
30.31551647	-1.90138833
30.61567010	-1.89053791
30.91582373	-1.87867379
31.21597735	-1.86679232
31.51613098	-1.85608389
31.81628461	-1.84784709
32.11643824	-1.84239304
32.41659187	-1.84014969
32.71674550	-1.84140309
33.01689912	-1.84373841
33.31705275	-1.84550324
33.61720638	-1.84531846
33.91736001	-1.84191179
34.21751364	-1.83442435
34.51766727	-1.82250141
34.81782089	-1.80644874
35.11797452	-1.78688102
35.41812815	-1.76433127
35.71828178	-1.73946864
36.01843541	-1.71271176
36.31858904	-1.68473505
36.61874266	-1.65596768
36.91889629	-1.62693311
37.21904992	-1.59808938
37.51920355	-1.57001397
37.81935718	-1.54330374
38.11951081	-1.51841730
38.41966444	-1.49593147
38.71981806	-1.47631371
39.01997169	-1.46000814
39.32012532	-1.44727466
39.62027895	-1.43781827
39.92043258	-1.43078064
40.22058621	-1.42504432
40.52073983	-1.41946477
40.82089346	-1.41317978
41.12104709	-1.40540958
41.42120072	-1.39587074
41.72135435	-1.38456991
42.02150798	-1.37161530
42.32166160	-1.35730970
42.62181523	-1.34232323
42.92196886	-1.32778883
43.22212249	-1.31477545
43.52227612	-1.30359961
43.82242975	-1.29461036
44.12258337	-1.28801378
44.42273700	-1.28580236
44.72289063	-1.28978668
45.02304426	-1.30244962
45.32319789	-1.32661534
45.62335152	-1.36488952
45.92350515	-1.42063957
46.22365877	-1.49761905
46.52381240	-1.59927771
46.82396603	-1.72809794
47.12411966	-1.87957602
47.42427329	-2.04379519
47.72442692	-2.20054756
48.02458054	-2.33260422
48.32473417	-2.43345523
48.62488780	-2.50258413
48.92504143	-2.54509259
49.22519506	-2.56498124
49.52534869	-2.56794435
49.82550231	-2.56174878
50.12565594	-2.55142940
50.42580957	-2.53597740
50.72596320	-2.51358737
51.02611683	-2.48416785
51.32627046	-2.44810358
51.62642408	-2.40694550
51.92657771	-2.36301895
52.22673134	-2.31786149
52.52688497	-2.27305073
52.82703860	-2.22954796
53.12719223	-2.18810063
53.42734586	-2.14917722
53.72749948	-2.11325207
54.02765311	-2.08088123
54.32780674	-2.05238886
54.62796037	-2.02850905
54.92811400	-2.00911617
55.22826763	-1.99411081
55.52842125	-1.98240383
55.82857488	-1.96924047
56.12872851	-1.95099024
56.42888214	-1.93191259
56.72903577	-1.91857281
57.02918940	-1.90997431
57.32934302	-1.90105814
57.62949665	-1.89015171
57.92965028	-1.87827370
58.22980391	-1.86640820
58.52995754	-1.85576348
58.83011117	-1.84762228
59.13026479	-1.84226039
59.43041842	-1.84014657
59.73057205	-1.84147601
60.03072568	-1.84381304
60.33087931	-1.84553627
60.63103294	-1.84526316
60.93118657	-1.84173108
61.23134019	-1.83409917
61.53149382	-1.82202866
61.83164745	-1.80585055
62.13180108	-1.78617230
62.43195471	-1.76353724
62.73210834	-1.73860444
63.03226196	-1.71179573
63.33241559	-1.68378701
63.63256922	-1.65500102
63.93272285	-1.62596653
64.23287648	-1.59713680
64.53303011	-1.56909926
64.83318373	-1.54244117
65.13333736	-1.51762633
65.43349099	-1.49522874
65.73364462	-1.47571490
66.03379825	-1.45952525
66.33395188	-1.44691093
66.63410550	-1.43754977
66.93425913	-1.43057596
67.23441276	-1.42486089
67.53456639	-1.41927240
67.83472002	-1.41294754
68.13487365	-1.40512055
68.43502728	-1.39552196
68.73518090	-1.38416404
69.03533453	-1.37115675
69.33548816	-1.35681762
69.63564179	-1.34182218
69.93579542	-1.32732804
70.23594905	-1.31436952
70.53610267	-1.30326454
70.83625630	-1.29434757
71.13640993	-1.28785643
71.43656356	-1.28582777
71.73671719	-1.29005104
72.03687082	-1.30305650
72.33702444	-1.32764700
72.63717807	-1.36644560
72.93733170	-1.42284442
73.23748533	-1.50059047
73.53763896	-1.60313201
73.83779259	-1.73282659
74.13794621	-1.88491263
74.43809984	-2.04927712
74.73825347	-2.20539653
75.03840710	-2.33649969
75.33856073	-2.43624685
75.63871436	-2.50441086
75.93886799	-2.54609361
76.23902161	-2.56531414
76.53917524	-2.56784545
76.83932887	-2.56145652
77.13948250	-2.55101519
77.43963613	-2.53534466
77.73978976	-2.51272062
78.03994338	-2.48306788
78.34009701	-2.44679987
78.64025064	-2.40551525
78.94040427	-2.36152596
79.24055790	-2.31635446
79.54071153	-2.27157636
79.84086515	-2.22812899
80.14101878	-2.18676157
80.44117241	-2.14792652
80.74132604	-2.11211474
