 # Integral loads: N.components: 1
 #                 Ref.sys     : first_wing
 #                 Components  : first_wing
 #  t , Fx , Fy , Fz , Mx , My , Mz , ref_mat(9) , ref_off(3) 
  0.000000000000000E+000 -0.241409195556315E+006  0.228362687040353E+002  0.256178765581459E+007  0.161769055852083E+007 -0.442632695585285E+007 -0.142576619335463E+006 -0.273044761691260E-001  0.850764460371195E+000  0.524837402011746E+000 -0.473248687775525E+000 -0.473468683334752E+000  0.742874878711079E+000  0.880505619005281E+000 -0.228094802375165E+000  0.415550978857662E+000  0.100915000000000E+004 -0.183190000000000E+003  0.406180000000000E+003
  0.134870990000000E+000 -0.402420432816208E+006  0.577212247114935E+002  0.237937221132621E+007  0.178929405180980E+007 -0.379139780514201E+007 -0.167416632581616E+006 -0.732451901113939E-001  0.784420772486904E+000  0.615888946009420E+000 -0.457325579335758E+000 -0.575210326095191E+000  0.678222968675256E+000  0.886277866479108E+000 -0.231985198761714E+000  0.400867073909455E+000  0.100815056689000E+004 -0.196746292010000E+003  0.394756671670000E+003
  0.269741980000000E+000 -0.431074576355815E+006  0.114660519542530E+003  0.240315088224627E+007  0.219233754447021E+007 -0.380694504923727E+007 -0.142286997937300E+006 -0.127513606413100E+000  0.699202410703686E+000  0.703460211416167E+000 -0.436050661740489E+000 -0.676549991184949E+000  0.593413793084832E+000  0.890842354502303E+000 -0.231075957844600E+000  0.391157003172631E+000  0.100802168054000E+004 -0.208950155430000E+003  0.381834694440000E+003
  0.404612970000000E+000 -0.439373332212123E+006  0.102016631004713E+003  0.239912066713473E+007  0.256190958472171E+007 -0.379772614837666E+007 -0.940700296664928E+005 -0.187633802431076E+000  0.593227542567593E+000  0.782863103565668E+000 -0.407276473014380E+000 -0.772263397840190E+000  0.487580884454354E+000  0.893822930291130E+000 -0.227355068330439E+000  0.386510339047015E+000  0.100888435364604E+004 -0.219448288601617E+003  0.367531276890526E+003
  0.539483960000000E+000 -0.441017721260835E+006  0.121744957391242E+003  0.238772265591363E+007  0.313492803318353E+007 -0.378026450166932E+007  0.273298117531267E+005 -0.251343404027583E+000  0.465772869272897E+000  0.848458677544829E+000 -0.368888224808026E+000 -0.856534856887619E+000  0.360928686217221E+000  0.894845221728211E+000 -0.222269370777438E+000  0.387102513508232E+000  0.101081688537671E+004 -0.227893970983795E+003  0.352044482748267E+003
  0.674354950000000E+000 -0.442219158824330E+006  0.851600291561928E+002  0.238337378189456E+007  0.378596398834975E+007 -0.377508754486233E+007  0.215657714947652E+006 -0.315352477891797E+000  0.320072623644822E+000  0.893367970256727E+000 -0.326430025421467E+000 -0.920542434717782E+000  0.214581137072199E+000  0.891064673966399E+000 -0.223953435957070E+000  0.394776652465895E+000  0.101385484196475E+004 -0.233950629480929E+003  0.335655319345173E+003
  0.809225940000000E+000 -0.443437381718113E+006 -0.791871632748807E+002  0.238006248832527E+007  0.407000289832796E+007 -0.377231681378910E+007  0.333245093968515E+006 -0.375219836993305E+000  0.163681937742912E+000  0.912369605578487E+000 -0.279160532843381E+000 -0.958541776297843E+000  0.571582014620498E-001  0.883900147544573E+000 -0.233250694207975E+000  0.405357426010897E+000  0.101796331129538E+004 -0.237373528516209E+003  0.318727775345092E+003
  0.944096930000000E+000 -0.445633547342597E+006 -0.183652343452290E+003  0.238374153889468E+007  0.414687289903456E+007 -0.378290534220609E+007  0.364206949680612E+006 -0.429944563656283E+000  0.591127855777035E-003  0.902855095101239E+000 -0.221000003281779E+000 -0.969647599120313E+000 -0.104606558444801E+000  0.875389439467864E+000 -0.244506000106480E+000  0.417025353162212E+000  0.102307069357131E+004 -0.238014954752441E+003  0.301697633962699E+003
  0.107896792000000E+001 -0.450087014893872E+006 -0.180089138471085E+003  0.239826197345326E+007  0.432711606049628E+007 -0.381119024154182E+007  0.400535810622407E+006 -0.477978423002992E+000 -0.163915742131664E+000  0.862941629906101E+000 -0.152620458494695E+000 -0.951991437405764E+000 -0.265366348196182E+000  0.865010764552929E+000 -0.258541935839302E+000  0.430014470244926E+000  0.102908111495872E+004 -0.235804246217826E+003  0.285038654490358E+003
  0.121383891000000E+001 -0.457796286304334E+006  0.252015071056068E+002  0.242396228061256E+007  0.549455785223245E+007 -0.384693802106879E+007  0.769595245304374E+006 -0.517168484023700E+000 -0.323659660986833E+000  0.792326437134667E+000 -0.774936972189660E-001 -0.904230971540533E+000 -0.419953660536729E+000  0.852368163427027E+000 -0.278587102997880E+000  0.442558176988388E+000  0.103586965543333E+004 -0.230752599519108E+003  0.269256504620333E+003
  0.134870990000000E+001 -0.465679909885583E+006 -0.231783924878938E+003  0.243683607821196E+007  0.626820783547748E+007 -0.385946044242992E+007  0.118349756229560E+007 -0.542874160391553E+000 -0.459888114387094E+000  0.702702332588024E+000 -0.333617977074509E-001 -0.824265552945207E+000 -0.565219681789001E+000  0.839151140398971E+000 -0.330286573256340E+000  0.432129775754565E+000  0.104325950718416E+004 -0.223006096308728E+003  0.254844159137205E+003
  0.148358089000000E+001 -0.466034820219217E+006 -0.704950698006344E+003  0.241712881143308E+007  0.578138412370384E+007 -0.381676403427356E+007  0.123482991901297E+007 -0.553963135361289E+000 -0.573123562431891E+000  0.603866066976833E+000  0.836686661006003E-002 -0.729124607464568E+000 -0.684329819847688E+000  0.832499153275137E+000 -0.374041025791314E+000  0.408703402018091E+000  0.105098357224460E+004 -0.212953796590654E+003  0.242113139527881E+003
  0.161845188000000E+001 -0.461845514264576E+006 -0.706799540879112E+003  0.238977808818236E+007  0.538019855925738E+007 -0.376315488927238E+007  0.119001053664407E+007 -0.551556579605469E+000 -0.665533020433041E+000  0.502843055244068E+000  0.449811974998624E-001 -0.625683776703748E+000 -0.778778854002350E+000  0.832923784847926E+000 -0.406922118203235E+000  0.375036476028130E+000  0.105876963553541E+004 -0.201023393699158E+003  0.231208430037058E+003
  0.175332287000000E+001 -0.455478623870734E+006 -0.678437358276675E+003  0.235774907993871E+007  0.497099624340106E+007 -0.370250802297539E+007  0.113334663084213E+007 -0.537235417381581E+000 -0.739896509415590E+000  0.404884257122285E+000  0.745685484206733E-001 -0.519830613697536E+000 -0.851008616084042E+000  0.840129536379523E+000 -0.427000337725241E+000  0.334444425406162E+000  0.106637881965745E+004 -0.187599184416011E+003  0.222163764251848E+003
  0.188819386000000E+001 -0.448625371715155E+006 -0.642238575155640E+003  0.232909643605043E+007  0.456860328013047E+007 -0.364908754048188E+007  0.107460220344632E+007 -0.512945190503466E+000 -0.799034765364573E+000  0.313736633624677E+000  0.958702771620508E-001 -0.416518088753226E+000 -0.904058389540317E+000  0.853051066171443E+000 -0.433654384827528E+000  0.290254634801279E+000  0.107360827700192E+004 -0.173018445993263E+003  0.214905521574486E+003
  0.202306485000000E+001 -0.442736862883529E+006 -0.605038367328267E+003  0.231092938616501E+007  0.418195131660740E+007 -0.361511964302451E+007  0.101752518543551E+007 -0.481143760848644E+000 -0.845572132047891E+000  0.231318937617324E+000  0.108506296863859E+000 -0.319283225575805E+000 -0.941426898599568E+000  0.869900606355298E+000 -0.427862117240933E+000  0.245371032709224E+000  0.108029921515170E+004 -0.157552411470184E+003  0.209294921947992E+003
  0.215793584000000E+001 -0.439365534642894E+006 -0.569851046231659E+003  0.230861541667676E+007  0.380624769733353E+007 -0.360952150233660E+007  0.963267891471822E+006 -0.444918009731609E+000 -0.881355243578219E+000  0.158936777473439E+000  0.112620749201847E+000 -0.231122507435002E+000 -0.966384474940576E+000  0.888461890834761E+000 -0.412062278271301E+000  0.202089453856915E+000  0.108636058111174E+004 -0.141402573482286E+003  0.205156839680453E+003
  0.229280683000000E+001 -0.439232701396561E+006 -0.537720283839667E+003  0.232130312457717E+007  0.343193288864664E+007 -0.362990063920826E+007  0.911472599615528E+006 -0.406872275959492E+000 -0.908255343961607E+000  0.976072805723323E-001  0.108868129801248E+000 -0.154302957055727E+000 -0.982007295165080E+000  0.906974465665446E+000 -0.388925221101745E+000  0.161661656003633E+000  0.109174245654288E+004 -0.124731865488145E+003  0.202302012345013E+003
  0.242767782000000E+001 -0.441660516040036E+006 -0.508281501135427E+003  0.234387975426654E+007  0.306053074258604E+007 -0.366660521761391E+007  0.860801237394956E+006 -0.368845211469913E+000 -0.928230013043462E+000  0.483968269729412E-001  0.982107724976654E-001 -0.906962664849894E-001 -0.991024132607827E+000  0.924287755053115E+000 -0.360781416000073E+000  0.124615070227704E+000  0.109643070953956E+004 -0.107668425550670E+003  0.200529487635695E+003
  0.256254881000000E+001 -0.445678229517282E+006 -0.479481035207710E+003  0.237064416433016E+007  0.268393377188363E+007 -0.370955463891691E+007  0.809348502074855E+006 -0.331649347617066E+000 -0.943336586159433E+000  0.111711878616619E-001  0.820893716171581E-001 -0.406526215873171E-001 -0.995795510848276E+000  0.939824475789322E+000 -0.329337895741052E+000  0.909203230096601E-001  0.110043565249222E+004 -0.903135636571001E+002  0.199629122567030E+003
  0.269741980000000E+001 -0.450062553276656E+006 -0.453247668464442E+003  0.239538266788363E+007  0.228502562024174E+007 -0.374830353880197E+007  0.754857082599834E+006 -0.295061723094315E+000 -0.955387571183294E+000 -0.131593462261619E-001  0.616529363385808E-001 -0.529344737212607E-002 -0.998083611154772E+000  0.953487018792309E+000 -0.295307582434662E+000  0.604643428075635E-001  0.110376669474208E+004 -0.727517550384762E+002  0.199379810863941E+003
  0.283229079000000E+001 -0.453795061214722E+006 -0.424988670465583E+003  0.241502334470274E+007  0.187175501035637E+007 -0.377831255968676E+007  0.697745030990031E+006 -0.258410543323719E+000 -0.965733302904776E+000 -0.241490943882693E-001  0.380626089256071E-001  0.148003267731470E-001 -0.999165746074786E+000  0.965285050594339E+000 -0.259114140849243E+000  0.329337685520818E-001  0.110642512943156E+004 -0.550470132708673E+002  0.199547664130218E+003
  0.296716178000000E+001 -0.455590722418854E+006 -0.508925014033240E+003  0.242941372951370E+007  0.865953548679582E+006 -0.379838726843060E+007  0.458624557842269E+006 -0.221137834385535E+000 -0.975007115223018E+000 -0.214285666287690E-001  0.123962907812297E-001  0.191605750976944E-001 -0.999739568256050E+000  0.975163776079763E+000 -0.221345877816628E+000  0.784934363138688E-002  0.110840520787275E+004 -0.372473573190169E+002  0.199890097058441E+003
  0.310203277000000E+001 -0.452623384561543E+006 -0.415912553668740E+003  0.242662245462131E+007 -0.189896772624116E+006 -0.378769983537439E+007  0.102320005373376E+006 -0.181059443994795E+000 -0.983401242111498E+000 -0.118099430082978E-001  0.506875067532864E-002  0.110751556131528E-001 -0.999925821596150E+000  0.983459091933613E+000 -0.181105874950837E+000  0.297935419259838E-002  0.110969410889217E+004 -0.193851379719649E+002  0.200169141486551E+003
  0.323690376000000E+001 -0.446288436150228E+006 -0.895636096278851E+002  0.241739745024226E+007 -0.388903572588204E+006 -0.376912018243310E+007 -0.613832513357749E+005 -0.138268009791792E+000 -0.990384975004705E+000 -0.442252791363512E-002  0.780991231682342E-002  0.337495711255088E-002 -0.999963806812073E+000  0.990364055657222E+000 -0.138297544986953E+000  0.726817121160103E-002  0.111026451628854E+004 -0.148502878601167E+001  0.200297621032369E+003
  0.337177475000000E+001 -0.440349570781276E+006  0.475653324631005E+002  0.241828638693258E+007 -0.287725236287417E+006 -0.377059170303879E+007 -0.731336792655323E+005 -0.945744705357920E-001 -0.995515703383198E+000  0.203809723291708E-002  0.102690987636528E-001 -0.302272985117832E-002 -0.999942702715925E+000  0.995464823654486E+000 -0.945481222537128E-001  0.105089221540573E-001  0.111009089261437E+004  0.164466827822726E+002  0.200291188622385E+003
  0.350664574000000E+001 -0.436130692335735E+006  0.188923026322670E+002  0.242817844520071E+007 -0.370411578002628E+006 -0.378767426986976E+007 -0.101561839607873E+006 -0.510030055148285E-001 -0.998671260600385E+000  0.737608834635701E-002  0.123230262686258E-001 -0.801445185436348E-002 -0.999891949955122E+000  0.998622469430784E+000 -0.509065989073419E-001  0.127154133102266E-001  0.110916176233445E+004  0.344025997232990E+002  0.200170061824905E+003
  0.364151673000000E+001 -0.434510616226380E+006 -0.816365592897742E+002  0.244752722446168E+007 -0.102518640626060E+007 -0.382262060054314E+007 -0.323355693795367E+006 -0.861511125457059E-002 -0.999911486944773E+000  0.101389414617227E-001  0.185288477049382E-001 -0.102972027574140E-001 -0.999775299463885E+000  0.999791209033565E+000 -0.842531253221946E-002  0.186159192073840E-001  0.110747971245358E+004  0.523710529786515E+002  0.199958096458581E+003
  0.377638772000000E+001 -0.439473102181143E+006  0.791245967620940E+002  0.248582807339701E+007 -0.130664009266478E+007 -0.389116947712699E+007 -0.537676092457167E+006  0.301087272493575E-001 -0.999546162989192E+000 -0.965710622875342E-003  0.428711300093340E-001  0.225663960436329E-002 -0.999078061909788E+000  0.998626822569445E+000  0.300395677611938E-001  0.429196180501884E-001  0.110506430335454E+004  0.703317980898109E+002  0.199743202245600E+003
  0.391125871000000E+001 -0.444655842643901E+006  0.319346200273541E+003  0.251377472695965E+007 -0.852548588815020E+006 -0.393842293780970E+007 -0.549169177039350E+006  0.668754403253138E-001 -0.997417180108397E+000 -0.262038986776499E-001  0.643817880970455E-001  0.305216933081365E-001 -0.997458476127719E+000  0.995682007893445E+000  0.650184209452768E-001  0.662566532135472E-001  0.110195884497152E+004  0.882375550842735E+002  0.199766635339575E+003
  0.404612970000000E+001 -0.448057313373472E+006  0.313584385243495E+003  0.252704809650496E+007 -0.449311637495997E+006 -0.396080536698144E+007 -0.509222906523522E+006  0.102803538602736E+000 -0.992551508999923E+000 -0.653676864569335E-001  0.820260355029645E-001  0.739512084999517E-001 -0.993882763841422E+000  0.991313856430153E+000  0.968128129091024E-001  0.890175112334924E-001  0.109820038304203E+004  0.106008172634393E+003  0.200287778568159E+003
  0.418100069000000E+001 -0.449829136833932E+006  0.295546485429820E+003  0.252978270512393E+007 -0.237494617937845E+005 -0.396785835720190E+007 -0.458542153879593E+006  0.138933793944470E+000 -0.983243326466560E+000 -0.118025259411574E+000  0.946324264894464E-001  0.131817488159348E+000 -0.986746600537382E+000  0.985769803126934E+000  0.125923432189303E+000  0.111360605551294E+000  0.109381096188272E+004  0.123534876652903E+003  0.201553319086999E+003
  0.431587168000000E+001 -0.457317419804644E+006  0.273521055572340E+003  0.255251819719050E+007  0.447684621480065E+006 -0.401234972381204E+007 -0.400066935863004E+006  0.172886188374886E+000 -0.967527658268931E+000 -0.184392506230165E+000  0.100811652832079E+000  0.203610908655079E+000 -0.973847836435404E+000  0.979769042439323E+000  0.149775927175534E+000  0.132739576299766E+000  0.108879979683931E+004  0.140682019721758E+003  0.203798095731367E+003
  0.445074267000000E+001 -0.468487497334688E+006  0.249638474631758E+003  0.258019013198262E+007  0.966749555894231E+006 -0.406267312661320E+007 -0.328974844535732E+006  0.204375492140031E+000 -0.942607095931546E+000 -0.264050224222623E+000  0.993704011357477E-001  0.288328129058335E+000 -0.952361493011892E+000  0.973835808332514E+000  0.168400572128534E+000  0.152594448510231E+000  0.108319764595760E+004  0.157289641110404E+003  0.207246346950307E+003
  0.458561366000000E+001 -0.472366444414810E+006  0.210524054065467E+003  0.258113900273476E+007  0.148218215933965E+007 -0.406820814419183E+007 -0.253544661004627E+006  0.233343001794705E+000 -0.904913840636605E+000 -0.355924127501558E+000  0.893444425477944E-001  0.384432148475281E+000 -0.918819619840860E+000  0.968281268072072E+000  0.182600285440600E+000  0.170553574157071E+000  0.107704920182113E+004  0.173165245550331E+003  0.212115030603082E+003
  0.472048465000000E+001 -0.462806065055101E+006  0.176462720134056E+003  0.252807215486207E+007  0.198499547312187E+007 -0.398238278538024E+007 -0.166167120770202E+006  0.257738036616902E+000 -0.850877921574380E+000 -0.457796753000857E+000  0.703328757932707E-001  0.489069146341745E+000 -0.869404771484034E+000  0.963651592155335E+000  0.191880516660290E+000  0.185896412721353E+000  0.107043029927531E+004  0.188075000101621E+003  0.218585616411672E+003
  0.485535564000000E+001 -0.458376946255927E+006  0.214809668551471E+003  0.250326222890093E+007  0.284268987975983E+007 -0.394249266395328E+007  0.524431720829601E+005  0.275486975731465E+000 -0.777399878901835E+000 -0.565470029697192E+000  0.388193901700711E-001  0.596748429425277E+000 -0.801488843918173E+000  0.960520682312023E+000  0.198848535981229E+000  0.194574609312128E+000  0.106345198855184E+004  0.201742544276347E+003  0.226802323515409E+003
  0.499022663000000E+001 -0.454060982081540E+006  0.593933570523003E+002  0.248001915943222E+007  0.343338250002546E+007 -0.390496598934849E+007  0.260957228455828E+006  0.287141590968569E+000 -0.687193757736476E+000 -0.667318848875154E+000 -0.882178648282490E-002  0.694729639096883E+000 -0.719216868992633E+000  0.957847525872093E+000  0.212404020414718E+000  0.193423497260217E+000  0.105624536007034E+004  0.213881105109911E+003  0.236805919687988E+003
  0.512509762000000E+001 -0.450984690839511E+006 -0.140213134528310E+003  0.246866975340391E+007  0.355815194204034E+007 -0.389228636821917E+007  0.327316787163146E+006  0.288863009972746E+000 -0.581231166115108E+000 -0.760742067330286E+000 -0.588415049492415E-001  0.782335288827299E+000 -0.620071909661141E+000  0.955560484095483E+000  0.223879046344177E+000  0.191787209800936E+000  0.104895885345206E+004  0.224242400644100E+003  0.248503327791571E+003
  0.525996861000000E+001 -0.449757713990146E+006 -0.170324635825832E+003  0.246676761102129E+007  0.370914904361607E+007 -0.389616939525104E+007  0.355094212474618E+006  0.278470051213886E+000 -0.460773711214963E+000 -0.842699245063223E+000 -0.109632360485173E+000  0.856420543201965E+000 -0.504504309908350E+000  0.954167268413345E+000  0.232876448433159E+000  0.187971762916065E+000  0.104177724152984E+004  0.232590664048149E+003  0.261744647845786E+003
  0.539483960000000E+001 -0.450135326743100E+006 -0.110093549221531E+003  0.246934317882309E+007  0.422374592395943E+007 -0.390390674419168E+007  0.489427818019373E+006  0.254916228767618E+000 -0.327636050664491E+000 -0.909764988673377E+000 -0.159309067210762E+000  0.913760824335906E+000 -0.373713495894118E+000  0.953749619876900E+000  0.240199446739456E+000  0.180737069719321E+000  0.103491253678186E+004  0.238703899803877E+003  0.276316613666501E+003
  0.552971059000000E+001 -0.450442292695083E+006 -0.176418903921330E+003  0.246544153236598E+007  0.471455689538728E+007 -0.389799671787114E+007  0.674118427170708E+006  0.219958408493598E+000 -0.188186325663019E+000 -0.957185564750334E+000 -0.216032275605375E+000  0.947456169691100E+000 -0.235917066807454E+000  0.951287734825656E+000  0.258674918281076E+000  0.167746631031899E+000  0.102859368088809E+004  0.242386419355680E+003  0.291934664776005E+003
  0.566458158000000E+001 -0.447633809088942E+006 -0.365738248177912E+003  0.244306763375142E+007  0.471341327903289E+007 -0.385994895786861E+007  0.742126257209620E+006  0.177578483214132E+000 -0.479800986161819E-001 -0.982936311485210E+000 -0.269094697213627E+000  0.958377582927310E+000 -0.953962917199272E-001  0.946601249857021E+000  0.281443277907269E+000  0.157276047413256E+000  0.102300087904742E+004  0.243551842528719E+003  0.308217901291444E+003
  0.579945257000000E+001 -0.442150102630419E+006 -0.418276583704821E+003  0.241116855603410E+007  0.461917082625244E+007 -0.380651233860979E+007  0.743815876792291E+006  0.130165244544274E+000  0.907890304726372E-001 -0.987326876499656E+000 -0.314811282441179E+000  0.948054699547626E+000  0.456743156861884E-001  0.940186612093828E+000  0.304876431708815E+000  0.151985182922647E+000  0.101824787286170E+004  0.242210431885130E+003  0.324743893712133E+003
  0.593432356000000E+001 -0.435128205563909E+006 -0.402756820852630E+003  0.237442136807426E+007  0.460128060413977E+007 -0.374477758491385E+007  0.754193126875193E+006  0.795347245780906E-001  0.225523849718612E+000 -0.970985695463318E+000 -0.352771657406700E+000  0.917403347367171E+000  0.184182670113232E+000  0.932323112079078E+000  0.327887315167279E+000  0.152523844809841E+000  0.101441032799081E+004  0.238427393094439E+003  0.341112584087102E+003
  0.606919455000000E+001 -0.428935364222456E+006 -0.379042790263312E+003  0.234139853051177E+007  0.470464178451182E+007 -0.368841869112552E+007  0.812542888742312E+006  0.273225297906941E-001  0.353100115840267E+000 -0.935186498811561E+000 -0.384892289742076E+000  0.867123451850152E+000  0.316156360917472E+000  0.922556992636736E+000  0.351307881273772E+000  0.159597518439338E+000  0.101152777172354E+004  0.232321989464164E+003  0.356950134791534E+003
  0.620406554000000E+001 -0.422173535762532E+006 -0.431206176263814E+003  0.230728534430064E+007  0.467325514043311E+007 -0.362971991322335E+007  0.854413621695742E+006 -0.227308525735638E-001  0.469211558999044E+000 -0.882793192793740E+000 -0.413603897079663E+000  0.799496410681712E+000  0.435588459015587E+000  0.910173128949539E+000  0.375028001899518E+000  0.175894494312530E+000  0.100958885056385E+004  0.224069086227199E+003  0.371923215538398E+003
  0.633893653000000E+001 -0.415957520519976E+006 -0.482756638721842E+003  0.228192466596529E+007  0.447171198427111E+007 -0.358787486110963E+007  0.840458793591740E+006 -0.704833164735598E-001  0.572532630053344E+000 -0.816846674488603E+000 -0.434745210460862E+000  0.719387741089602E+000  0.541735987314245E+000  0.897791013588479E+000  0.393303528453789E+000  0.198200984925834E+000  0.100854272857808E+004  0.213892528490862E+003  0.385778802524107E+003
  0.647380752000000E+001 -0.411932835764671E+006 -0.469066521900468E+003  0.226878314794165E+007  0.429230439805626E+007 -0.356757617118543E+007  0.815667312822576E+006 -0.116225870043370E+000  0.661748886724103E+000 -0.740661837853195E+000 -0.449128197115220E+000  0.630102387110692E+000  0.633446796750476E+000  0.885875504621667E+000  0.406275020985561E+000  0.223975886279055E+000  0.100834205175391E+004  0.202031987384592E+003  0.398325460887561E+003
  0.660867851000000E+001 -0.410692777019741E+006 -0.388208871530405E+003  0.226454541861974E+007  0.444897830143984E+007 -0.356004201911510E+007  0.892601415763438E+006 -0.159864356239229E+000  0.736323395023727E+000 -0.657473380103674E+000 -0.457621189731368E+000  0.534866130303649E+000  0.710282387056618E+000  0.874657781256797E+000  0.414422586974616E+000  0.251451158462638E+000  0.100894345993409E+004  0.188736774437727E+003  0.409423073731683E+003
  0.674354950000000E+001 -0.410533409001702E+006 -0.429191923882648E+003  0.225925023644415E+007  0.455666091471826E+007 -0.354926749860695E+007  0.100541045743656E+007 -0.198411647517072E+000  0.794727870971911E+000 -0.573620457471677E+000 -0.471426813746524E+000  0.435726975180084E+000  0.766745565609097E+000  0.859295977769221E+000  0.422551315464606E+000  0.288202720994736E+000  0.101029740872612E+004  0.174268624887400E+003  0.418987437188510E+003
  0.687842049000000E+001 -0.408556557845982E+006 -0.560905780209642E+003  0.224412359996650E+007  0.422852232307853E+007 -0.352095784911553E+007  0.101265748526012E+007 -0.229001432883824E+000  0.839071954954111E+000 -0.493474009595888E+000 -0.484069599072353E+000  0.341658595573604E+000  0.805571863538321E+000  0.844532395465731E+000  0.423352877018876E+000  0.327928916884062E+000  0.101229655889773E+004  0.158911221226737E+003  0.427020496263895E+003
  0.701329148000000E+001 -0.404846321300730E+006 -0.569245271913340E+003  0.222264425610765E+007  0.384695141304028E+007 -0.348179937054895E+007  0.970753836504949E+006 -0.250314706770428E+000  0.872881689347810E+000 -0.418831832572153E+000 -0.495432266033682E+000  0.256186306299624E+000  0.830009304910063E+000  0.831798904391660E+000  0.415266339673550E+000  0.368326553192905E+000  0.101478221106701E+004  0.142920032636656E+003  0.433591858347669E+003
  0.714816247000000E+001 -0.400027428083036E+006 -0.542798656113917E+003  0.219745893861086E+007  0.346167366214340E+007 -0.343667247687723E+007  0.919067121996253E+006 -0.261448900227233E+000  0.899108202712522E+000 -0.351068244626353E+000 -0.506993528113800E+000  0.181579519992970E+000  0.842606931119038E+000  0.821341606775580E+000  0.398287983416750E+000  0.408368274043328E+000  0.101758159745440E+004  0.126495513327948E+003  0.438802524126556E+003
  0.728303346000000E+001 -0.395107549574675E+006 -0.507799084811513E+003  0.217428934313082E+007  0.308710458560848E+007 -0.339550945315783E+007  0.867700735254536E+006 -0.262000816027257E+000  0.920087486587403E+000 -0.291195105429893E+000 -0.519938709980351E+000  0.119623803140209E+000  0.845785956129706E+000  0.813030940533643E+000  0.373000218160188E+000  0.447047566806299E+000  0.102051023321142E+004  0.109781680001706E+003  0.442783816492882E+003
  0.741790445000000E+001 -0.391033763038700E+006 -0.477194555532043E+003  0.215824224515200E+007  0.272278153039189E+007 -0.336735507223082E+007  0.819577172717432E+006 -0.252275648355314E+000  0.937455752287771E+000 -0.239861855553307E+000 -0.535035872667134E+000  0.714067591262432E-001  0.841806206742624E+000  0.806283828565490E+000  0.340701903801045E+000  0.483558270056587E+000  0.102338251309739E+004  0.928742459196057E+002  0.445687297401938E+003
  0.755277544000000E+001 -0.388842418249080E+006 -0.450330032929715E+003  0.215425882190868E+007  0.236358581120068E+007 -0.336070030236973E+007  0.774157871414656E+006 -0.233189001219628E+000  0.952053861389636E+000 -0.198031145841446E+000 -0.552557922323623E+000  0.378478776425788E-001  0.832614725209297E+000  0.800189122762609E+000  0.303580274673827E+000  0.517239194803884E+000  0.102603352928785E+004  0.758173644614941E+002  0.447680940073997E+003
  0.768764643000000E+001 -0.389023385851753E+006 -0.426602995664060E+003  0.216223599287985E+007  0.200193047137013E+007 -0.337478488502069E+007  0.729440064986539E+006 -0.205666358442592E+000  0.964352049233365E+000 -0.166512684635053E+000 -0.572242883335155E+000  0.195204855763184E-001  0.819851836074746E+000  0.793876206645111E+000  0.263901640355406E+000  0.547828890019954E+000  0.102831428502983E+004  0.586375523917555E+002  0.448944077629793E+003
  0.782251742000000E+001 -0.390119456674660E+006 -0.536624793061649E+003  0.218122138634541E+007  0.922887518561003E+006 -0.340735866341840E+007  0.472575819126199E+006 -0.170359291808824E+000  0.974521946985766E+000 -0.145892722702223E+000 -0.593329336682125E+000  0.167601709579970E-001  0.804785309819835E+000  0.786726134005186E+000  0.223665087826711E+000  0.575357209532239E+000  0.103008779191354E+004  0.413550354155211E+002  0.449664873732123E+003
  0.795738841000000E+001 -0.393328266400473E+006 -0.396863253933285E+003  0.220637479827825E+007  0.179586220915653E+004 -0.344931880758787E+007  0.155175064878831E+006 -0.134215014661794E+000  0.982614873703406E+000 -0.128274470632989E+000 -0.595167562173233E+000  0.235665212879033E-001  0.803255994071104E+000  0.792314270208549E+000  0.184153818997125E+000  0.581657517937032E+000  0.103124505079034E+004  0.239891050711482E+002  0.450016666256997E+003
  0.809225940000000E+001 -0.397785779173978E+006 -0.870852063502133E+002  0.222833895630408E+007 -0.392168995230526E+005 -0.348559125360283E+007  0.549756455793405E+005 -0.997640036450105E-001  0.988786087165079E+000 -0.111127032739523E+000 -0.594421559231621E+000  0.303379178891080E-001  0.803581122637163E+000  0.797941196766633E+000  0.146224774121646E+000  0.584729135528328E+000  0.103177917677477E+004  0.657527604376561E+001  0.450057540433633E+003
  0.822713039000000E+001 -0.400942959199242E+006 -0.329693544847409E+002  0.223950803847879E+007 -0.685627071059884E+005 -0.350249414392073E+007  0.307429803215188E+005 -0.657938919818788E-001  0.993366328276331E+000 -0.943106654874083E-001 -0.592972541114012E+000  0.370925598443656E-001  0.804367893124150E+000  0.802530204579658E+000  0.108846129242124E+000  0.586598492059380E+000  0.103170676567443E+004 -0.108312532927293E+002  0.449800053119097E+003
  0.836200138000000E+001 -0.402455944053890E+006 -0.872088496625890E+002  0.224189940541386E+007 -0.470741175611245E+006 -0.350452224622820E+007 -0.891916711458579E+005 -0.314220116915625E-001  0.996508349124997E+000 -0.773548143648977E-001 -0.590839862126999E+000  0.439044465304747E-001  0.805593357033560E+000  0.806176726594736E+000  0.710176717375694E-001  0.587397289573225E+000  0.103103268374976E+004 -0.281758957177927E+002  0.449250088739325E+003
  0.849687237000000E+001 -0.403408763454573E+006 -0.909528292243954E+002  0.223816092068253E+007 -0.114719963063602E+007 -0.349614580731079E+007 -0.349934044749029E+006  0.193011378715836E-002  0.998384739001468E+000 -0.567819301339723E-001 -0.578867681475577E+000  0.474167288388102E-001  0.814041682697708E+000  0.815419206300574E+000  0.312980311712643E-001  0.578024178768453E+000  0.102975158230985E+004 -0.454079510079660E+002  0.448403998112800E+003
  0.863174336000000E+001 -0.402906539474634E+006  0.139339623457997E+003  0.222964585144092E+007 -0.118184131785326E+007 -0.347995576752606E+007 -0.502804910503945E+006  0.293281729249017E-001  0.999306842818419E+000 -0.229279778691816E-001 -0.556066123969695E+000  0.353719712490296E-001  0.830385024806732E+000  0.830620445237298E+000 -0.116042038176019E-001  0.556718078031918E+000  0.102790409332077E+004 -0.624864781682797E+002  0.447162521866640E+003
  0.876661435000000E+001 -0.402488741931484E+006  0.303481589821297E+003  0.223341871471110E+007 -0.712019904453388E+006 -0.348723476373652E+007 -0.478819757416160E+006  0.506055109009669E-001  0.998452760629340E+000  0.230470618106146E-001 -0.535848788822406E+000  0.767061687643595E-002  0.844279122775339E+000  0.842796035695478E+000 -0.550749165081992E-001  0.535407877965577E+000  0.102558568899467E+004 -0.794156770922148E+002  0.445316161649678E+003
  0.890148534000000E+001 -0.404024952857686E+006  0.281882155350112E+003  0.225061902720042E+007 -0.287363010774414E+006 -0.351884853951518E+007 -0.418812041039136E+006  0.640132781284811E-001  0.994724121338744E+000  0.801637240284497E-001 -0.518747728980805E+000 -0.354555152996025E-001  0.854191840345070E+000  0.852527473985738E+000 -0.962643696374903E-001  0.513741255144838E+000  0.102291787825146E+004 -0.961974259043394E+002  0.442659897560331E+003
  0.903635633000000E+001 -0.408148852079504E+006  0.278269542620726E+003  0.228146629261670E+007  0.276948524716907E+006 -0.357323067008023E+007 -0.317539924665431E+006  0.676838330571886E-001  0.986781833369847E+000  0.147243037437871E+000 -0.504701690487710E+000 -0.934421829367474E-001  0.858221860632123E+000  0.860636451913079E+000 -0.132401555048493E+000  0.491705934333934E+000  0.102005085535348E+004 -0.112816724040923E+003  0.439001919485868E+003
  0.917122732000000E+001 -0.413790662241394E+006  0.222115241011643E+003  0.231716620482287E+007  0.796307422714963E+006 -0.363466916957453E+007 -0.210264765955262E+006  0.622140887137021E-001  0.973061520072037E+000  0.221992534380369E+000 -0.497035288438706E+000 -0.162673962354618E+000  0.852345648207639E+000  0.865497157252510E+000 -0.163366031129314E+000  0.473525300972271E+000  0.101715624925006E+004 -0.129229911139590E+003  0.434167196230114E+003
  0.930609831000000E+001 -0.419190136739845E+006  0.134428380825776E+003  0.234841580151148E+007  0.113491501799793E+007 -0.368847660097384E+007 -0.149615776772435E+006  0.479395580288891E-001  0.951695240717582E+000  0.303278696204495E+000 -0.490774919852923E+000 -0.242007458206133E+000  0.837002012074023E+000  0.869966537758408E+000 -0.188967084350980E+000  0.455466424901483E+000  0.101439148433991E+004 -0.145339590987685E+003  0.428012182309084E+003
  0.944096930000000E+001 -0.423806107290654E+006  0.104013465646718E+003  0.237417962726814E+007  0.148098349160353E+007 -0.373399805126983E+007 -0.101586420448209E+006  0.244627865063869E-001  0.920608006588795E+000  0.389721015960068E+000 -0.484737573892654E+000 -0.330020791389417E+000  0.810009729390559E+000  0.874317480400001E+000 -0.208727514849641E+000  0.438180063457577E+000  0.101192584785940E+004 -0.160997180456968E+003  0.420419245921690E+003
  0.957584029000000E+001 -0.402024931192312E+006  0.753001984206846E+002  0.228840820316254E+007  0.158149355647312E+007 -0.358362593277320E+007 -0.569527372629515E+005 -0.796185460217843E-002  0.877554155364246E+000  0.479411423804479E+000 -0.477640018437547E+000 -0.424536477164616E+000  0.769174097551157E+000  0.878519562478989E+000 -0.222862028976678E+000  0.422535080652630E+000  0.100992516890676E+004 -0.176004969701480E+003  0.411312833462722E+003

